    unsorted:	 10.88478393 12.16679435 13.72326940 14.51040907 9.120403490 8.392130800 19.25346662 18.76658696 0.009421317657 0.06891868478 0.08176179999 0.7503673838 0.9471932317 3.584200268 24.72009666 29.15417600 32.16200385 35.18635100 40.07604514 41.54805364 46.54129545 54.41455361 60.55904080 67.00183856 78.87601084 84.69302378 97.78538080 110.1057246 122.7433917 135.0368736 156.4861852 166.2001558 192.3475969 246.8151814 275.5654159 286.9874248 313.3457166 442.0660738 512.3010060 650.2020277 970.3122069 1011.342310 1274.182556 1887.560192 2254.734237 3097.771166 3613.623243 7554.584694 7722.769789 12414.45525 19237.57085 74086.01441 270881.2032 3.646362535e+10
      sorted:	 0.009421317657 0.06891868478 0.08176179999 0.7503673838 0.9471932317 3.584200268 8.392130800 9.120403490 10.88478393 12.16679435 13.72326940 14.51040907 18.76658696 19.25346662 24.72009666 29.15417600 32.16200385 35.18635100 40.07604514 41.54805364 46.54129545 54.41455361 60.55904080 67.00183856 78.87601084 84.69302378 97.78538080 110.1057246 122.7433917 135.0368736 156.4861852 166.2001558 192.3475969 246.8151814 275.5654159 286.9874248 313.3457166 442.0660738 512.3010060 650.2020277 970.3122069 1011.342310 1274.182556 1887.560192 2254.734237 3097.771166 3613.623243 7554.584694 7722.769789 12414.45525 19237.57085 74086.01441 270881.2032 3.646362535e+10
