    unsorted:	 31.93621670 31.86741222 32.18089326 32.22523693 31.52636171 31.27911893 31.08355684 30.80179027 30.75607230 32.73362853 33.08026328 30.04393007 29.86043930 34.25782178 35.07782130 35.91221738 36.47671812 36.71620696 36.96413592 37.77884148 37.94411322 38.31899356 29.34796884 41.16184700 40.90871036 42.35760325 43.14225569 43.43614054 44.06253531 44.41899713 44.95172806 45.43284468 45.66575908 46.25871217 46.63642419 46.76944558 47.75447493 27.73664135 48.43012095 49.50982052 50.04027310 25.65526060 52.00500800 52.40868692 23.70522294 22.18907024 56.38804021 56.77513426 19.09817718 61.72466116 15.68669329 64.55080315 65.83044932 13.31106613 11.23209458 68.04286205 9.563212362 8.594121695 8.008528289 7.246024145 6.239614704 5.444473915 3.933413708 73.16738315 77.49387701 79.70732970 82.28837754 85.57402238 91.22764610 96.02849803 95.08319423 97.66960843 102.0913058 106.2594185 107.0540516 116.0344115 124.2478684 128.9158569 132.7063633 139.9361515 144.3918205 152.9103070 159.1139579 181.1692278 186.8791631 242.1313824 246.6485849 258.1171355 303.8990396 363.3999390 372.9586558 429.8340365 478.7369378 475.4317983 461.9706609 489.0587423 497.4844638 508.1427214 515.7409110 544.2323371 560.3833353 614.5762826 645.2184973 720.4054925 781.7504934 909.2842262 1072.130575 1135.729883 1416.883551 1669.155278 1993.616846 2302.668411 3090.194679 3713.471483 3991.041769 4579.794004 6588.043849 8816.476317 12220.06255 345656.1003
      sorted:	 3.933413708 5.444473915 6.239614704 7.246024145 8.008528289 8.594121695 9.563212362 11.23209458 13.31106613 15.68669329 19.09817718 22.18907024 23.70522294 25.65526060 27.73664135 29.34796884 29.86043930 30.04393007 30.75607230 30.80179027 31.08355684 31.27911893 31.52636171 31.86741222 31.93621670 32.18089326 32.22523693 32.73362853 33.08026328 34.25782178 35.07782130 35.91221738 36.47671812 36.71620696 36.96413592 37.77884148 37.94411322 38.31899356 40.90871036 41.16184700 42.35760325 43.14225569 43.43614054 44.06253531 44.41899713 44.95172806 45.43284468 45.66575908 46.25871217 46.63642419 46.76944558 47.75447493 48.43012095 49.50982052 50.04027310 52.00500800 52.40868692 56.38804021 56.77513426 61.72466116 64.55080315 65.83044932 68.04286205 73.16738315 77.49387701 79.70732970 82.28837754 85.57402238 91.22764610 95.08319423 96.02849803 97.66960843 102.0913058 106.2594185 107.0540516 116.0344115 124.2478684 128.9158569 132.7063633 139.9361515 144.3918205 152.9103070 159.1139579 181.1692278 186.8791631 242.1313824 246.6485849 258.1171355 303.8990396 363.3999390 372.9586558 429.8340365 461.9706609 475.4317983 478.7369378 489.0587423 497.4844638 508.1427214 515.7409110 544.2323371 560.3833353 614.5762826 645.2184973 720.4054925 781.7504934 909.2842262 1072.130575 1135.729883 1416.883551 1669.155278 1993.616846 2302.668411 3090.194679 3713.471483 3991.041769 4579.794004 6588.043849 8816.476317 12220.06255 345656.1003
