    unsorted:	 410.9393378 410.3198782 412.2579838 415.3341683 417.3944364 419.8781026 421.3449769 423.5180514 424.9756878 405.2819012 402.9976496 401.2936826 399.0644292 397.6435715 395.8967852 427.8035748 432.1013977 391.5028656 388.9874611 386.7587934 386.2196787 435.0815520 437.1301439 438.7437287 382.1303396 441.2230716 376.4781086 447.9290720 371.4053665 366.8732746 468.8238423 479.3595845 346.8716759 334.5127862 521.2904176 537.1597120 559.3723088 555.9133716 573.4844083 576.5718262 580.2416165 588.4400554 588.7093494 596.6087835 604.7862848 609.9909253 613.5430961 617.3871526 626.1616601 630.2457648 635.4244872 638.8068659 644.2008373 652.4633261 303.7425019 667.2257383 672.1536870 279.3326762 272.3744842 685.3022255 692.2505093 698.1724403 701.1092999 711.7523632 714.0312209 252.5082448 235.1050792 228.1919574 732.3079550 206.1692834 203.0450271 187.6713839 176.5770114 177.1685801 165.3499379 153.5272361 143.8011083 133.7978313 124.3908799 113.0855561 95.57398430 103.2053992 87.28436061 84.63257344 81.34579996 78.80213423 73.37636073 74.63008957 66.14267724 63.95315978 751.8672030 43.58437051 767.1018975 772.2061427 30.29620865 32.75923895 28.77346713 785.9382975 16.22500297 9.226325598 829.3712256 863.8143632 924.1946183 1037.173453 1047.325242 1118.289593 1151.542166 1251.346451 1295.368547 1374.427505 1476.236029 1641.878225 1661.431028 2035.786312 2130.268661 2447.603218 2835.474069 3223.255629 3705.142622 3979.457072 4942.247370 11463.72240 21688.30610 250045.8614
      sorted:	 9.226325598 16.22500297 28.77346713 30.29620865 32.75923895 43.58437051 63.95315978 66.14267724 73.37636073 74.63008957 78.80213423 81.34579996 84.63257344 87.28436061 95.57398430 103.2053992 113.0855561 124.3908799 133.7978313 143.8011083 153.5272361 165.3499379 176.5770114 177.1685801 187.6713839 203.0450271 206.1692834 228.1919574 235.1050792 252.5082448 272.3744842 279.3326762 303.7425019 334.5127862 346.8716759 366.8732746 371.4053665 376.4781086 382.1303396 386.2196787 386.7587934 388.9874611 391.5028656 395.8967852 397.6435715 399.0644292 401.2936826 402.9976496 405.2819012 410.3198782 410.9393378 412.2579838 415.3341683 417.3944364 419.8781026 421.3449769 423.5180514 424.9756878 427.8035748 432.1013977 435.0815520 437.1301439 438.7437287 441.2230716 447.9290720 468.8238423 479.3595845 521.2904176 537.1597120 555.9133716 559.3723088 573.4844083 576.5718262 580.2416165 588.4400554 588.7093494 596.6087835 604.7862848 609.9909253 613.5430961 617.3871526 626.1616601 630.2457648 635.4244872 638.8068659 644.2008373 652.4633261 667.2257383 672.1536870 685.3022255 692.2505093 698.1724403 701.1092999 711.7523632 714.0312209 732.3079550 751.8672030 767.1018975 772.2061427 785.9382975 829.3712256 863.8143632 924.1946183 1037.173453 1047.325242 1118.289593 1151.542166 1251.346451 1295.368547 1374.427505 1476.236029 1641.878225 1661.431028 2035.786312 2130.268661 2447.603218 2835.474069 3223.255629 3705.142622 3979.457072 4942.247370 11463.72240 21688.30610 250045.8614
